Array natural numbers: 3 4 5 6 7 8 9 10 11 12 13 14 15 16 17 18 19 20 

Array random numbers: -0.18522 -3.57307  0.30124  0.92361  1.96078  3.20558  6.51426  2.39446  0.08944  2.79064 -5.56042  3.11817 -0.79736  2.22279  5.56118  1.97916 -0.49946

Numbers calculated by the formula:
   -0.67    0.42   -0.88   -3.52    2.25    0.61   -0.55    1.31   -0.52    0.90   -0.26    0.66   -2.50    1.59   -0.26    2.19   -1.32
    0.07    1.32    0.15    0.49    0.63    0.45    0.00    0.66    0.17    0.41  100.75    0.39    0.34    0.67    0.02    0.63    0.14
   -0.67    0.42   -0.88   -3.52    2.25    0.61   -0.55    1.31   -0.52    0.90   -0.26    0.66   -2.50    1.59   -0.26    2.19   -1.32
   -0.67    0.42   -0.88   -3.52    2.25    0.61   -0.55    1.31   -0.52    0.90   -0.26    0.66   -2.50    1.59   -0.26    2.19   -1.32
    0.07    1.32    0.15    0.49    0.63    0.45    0.00    0.66    0.17    0.41  100.75    0.39    0.34    0.67    0.02    0.63    0.14
   -0.67    0.42   -0.88   -3.52    2.25    0.61   -0.55    1.31   -0.52    0.90   -0.26    0.66   -2.50    1.59   -0.26    2.19   -1.32
    0.07    1.32    0.15    0.49    0.63    0.45    0.00    0.66    0.17    0.41  100.75    0.39    0.34    0.67    0.02    0.63    0.14
    0.07    1.32    0.15    0.49    0.63    0.45    0.00    0.66    0.17    0.41  100.75    0.39    0.34    0.67    0.02    0.63    0.14
    0.07    1.32    0.15    0.49    0.63    0.45    0.00    0.66    0.17    0.41  100.75    0.39    0.34    0.67    0.02    0.63    0.14
    0.07    1.32    0.15    0.49    0.63    0.45    0.00    0.66    0.17    0.41  100.75    0.39    0.34    0.67    0.02    0.63    0.14
    0.07    1.32    0.15    0.49    0.63    0.45    0.00    0.66    0.17    0.41  100.75    0.39    0.34    0.67    0.02    0.63    0.14
   -0.67    0.42   -0.88   -3.52    2.25    0.61   -0.55    1.31   -0.52    0.90   -0.26    0.66   -2.50    1.59   -0.26    2.19   -1.32
   -0.67    0.42   -0.88   -3.52    2.25    0.61   -0.55    1.31   -0.52    0.90   -0.26    0.66   -2.50    1.59   -0.26    2.19   -1.32
   -0.67    0.42   -0.88   -3.52    2.25    0.61   -0.55    1.31   -0.52    0.90   -0.26    0.66   -2.50    1.59   -0.26    2.19   -1.32
   -0.67    0.42   -0.88   -3.52    2.25    0.61   -0.55    1.31   -0.52    0.90   -0.26    0.66   -2.50    1.59   -0.26    2.19   -1.32
   -0.67    0.42   -0.88   -3.52    2.25    0.61   -0.55    1.31   -0.52    0.90   -0.26    0.66   -2.50    1.59   -0.26    2.19   -1.32
    0.07    1.32    0.15    0.49    0.63    0.45    0.00    0.66    0.17    0.41  100.75    0.39    0.34    0.67    0.02    0.63    0.14
     NaN     NaN   20.01     NaN     NaN     NaN     NaN     NaN    3.55     NaN     NaN     NaN     NaN     NaN     NaN     NaN     NaN
